NAME: tesla196_distance
TYPE: TSP
COMMENT: Tesla 196 superchargers with driving distances (meters)
DIMENSION: 196
EDGE_WEIGHT_TYPE: EXPLICIT
EDGE_WEIGHT_FORMAT: FULL_MATRIX
EDGE_WEIGHT_SECTION
0 1945315 1054643 2591824 4745197 1620117 1614580 1795659 213925 1368344 4352486 2397883 3741988 599668 3438061 3319176 3580931 3539355 2057056 130116 4029906 4738963 440271 1077418 4722344 3668634 4479745 4043371 4725796 1237317 1508857 2825859 1346468 1124119 4127412 2942210 3956585 4667149 2689908 2025912 1298371 763584 4554012 264104 260461 1084279 2065610 2890480 4677049 294785 1807726 271378 1478805 4372125 3900236 4450655 3434336 3835092 4557568 2097941 2266775 4742364 3543292 4094965 4806091 761761 3149209 2680411 3290280 4754153 3441615 1959467 243298 231360 985154 606629 327459 4712138 2452574 3684359 247402 249911 2798123 2007311 1250731 4416537 4480311 273459 4067971 1366828 1746927 1263624 2603969 1847544 4097153 1281499 1019304 2853049 1389688 4450630 2921546 286936 4545700 4213831 1157026 2900842 760349 1673627 1540132 4670738 2470285 935226 1644840 230584 263774 1152724 3865723 2333964 3461402 2163796 4462563 4764911 4707230 2557518 4169085 3628660 438422 1476105 1909440 4613676 216684 4358772 2420924 4703951 1392177 964209 1895592 2113940 4163099 4189654 4456042 2769598 4553301 3639160 4270815 1428637 972276 4545294 4538287 351815 2302941 589357 3526414 4609374 4547498 3015606 3123974 1353468 1527937 2707257 2999109 694385 902523 1595357 4727289 1796362 1665580 3907914 1207308 3952108 223240 4566236 4544394 1794822 3566477 2137691 3581937 864317 4415494 3034819 1984791 142542 4625307 2795036 2549093 202520 2187259 143375 3725380 2347163 4076391 4101661 647570 4749223 2128673 4282383
1945315 0 909347 1271497 3171191 1638455 1658375 1734424 2160663 627124 2778480 1800038 2167982 1748713 1463133 1344248 2006925 1564427 2377834 2083007 2540874 3164957 1520894 1834086 2747417 1693706 2936975 2554339 2750869 1834183 1476106 1251853 625174 1106313 2152485 1818365 2467553 3039916 1453985 451906 669434 1360449 2980006 1986944 1983301 1086795 1902935 1316474 2943876 2184970 252877 1926693 844911 2883093 2273003 2475728 1916208 2346060 2930335 2461896 2587553 3115131 2054260 2605933 3178858 1916340 1575203 1079234 1716274 3156960 1867609 1765516 1966138 1976685 1205816 1662203 1913659 3138132 981397 2195327 2200293 2202802 1638057 569413 933111 2966932 2906305 1954130 2578939 1514319 200677 840038 1736902 2102470 2523147 1229794 1026289 1251872 1337983 2876624 1347540 1967607 2971694 2586598 2021510 1062388 1221412 1778630 408251 3043505 2882056 1022430 300991 2032847 2035608 805094 1890796 389448 1887396 1773078 2888557 3137678 3079997 613002 2699263 2001427 1880515 646071 2230218 3039670 1913605 2540710 1021884 3076718 580237 2123636 2351361 2529393 2589093 2700622 2882036 825082 2979295 2065154 2295888 520617 2013620 2918061 2911054 2298552 831764 1950704 1899181 3035368 2973492 1797047 1634942 2007829 2037341 1385487 1425103 1490770 1932759 707721 2936646 2252131 717219 2333908 797631 1977181 1732374 2992230 2595252 1933300 1939244 666514 1954705 1418434 2788261 1545787 2335505 1815227 2998074 1576477 1227324 2074804 2592915 2090112 2098147 875986 2587359 2474428 1802149 2813032 184157 2793351
1054643 909347 0 1614904 3700776 1119175 1139095 1215144 1260719 323923 3308065 1635095 2697567 848769 2393641 2274756 2536510 2494935 1858554 1183063 3052986 3694542 620950 994426 3677924 2624214 3466560 3066451 3681376 994523 930778 1781438 302048 357673 3082992 2020039 2979665 3622728 1765503 981491 253950 460505 3509591 1087000 1083357 258597 1383655 1846059 3632628 1285026 763306 1026749 501885 3395205 2855815 3406235 2445793 2858172 3513147 1942616 2068273 3697943 2566372 3118045 3761670 1016396 2104788 1608819 2245859 3709732 2397194 1246236 1066194 1076741 329426 762259 1013715 3667717 1466939 2707439 1300349 1302858 1841266 1030391 274025 3439617 3435890 1054186 3091051 788749 702507 256296 1841181 1583190 3052732 504224 179694 1781457 612413 3406209 1877125 1067663 3501279 3169410 1181850 1856421 321468 1259350 495712 3626317 2362776 122486 600420 1132903 1135664 108304 2821303 1289544 2416981 1450565 3418142 3720490 3662809 1513098 3192165 2584239 980571 431684 1710938 3569255 1013661 3314351 1444004 3659530 347757 1292543 1801799 2010113 3118678 3212734 3411621 1725178 3508880 2594739 3226395 384217 1226911 3500873 3493866 1398608 1317306 1050760 2481993 3564953 3503077 2091201 2147054 1282259 1434144 1730337 1954688 590826 1157158 550936 3682868 1702569 688660 2863493 162888 2907688 832430 3521815 3499973 1414020 2522056 1152056 2537516 559841 3371073 2057899 1816225 915283 3580886 1870631 1572173 1174860 2073635 1190168 2680959 1361528 3099471 3057240 902205 3704802 1084253 3305463
2591824 1271497 1614904 0 2428914 1437258 1444084 1310581 2798646 1392709 2036203 860620 1875549 2239373 2243068 2124183 1436319 2344362 1947685 2720990 1661624 2422680 2158877 1941511 3527351 2473641 2111463 1676526 3361061 1836860 1390870 1391461 1453008 1517388 2932419 548968 1588303 2863066 269525 885234 1399267 1940845 2237729 2564985 2561342 1507506 1323452 1220071 3202619 2763011 1556114 2471322 1112714 2047335 2425806 3255662 1233016 1466810 2705921 2031747 2157404 2641084 1175010 1771257 2574804 2152006 1496160 926395 1401554 3116469 1607964 1201479 2544179 2554726 1626528 2153672 2419253 2395855 698558 1316077 2838276 2840785 453597 731485 1344187 2048255 2164028 2530691 1699689 1437227 1465650 1397638 725343 1672321 1864784 1496867 1618599 1099033 1491507 2274490 1246718 2540565 2229417 2574194 1985413 1434427 1832268 1564494 1517519 2589771 2451907 1685883 1565964 2610888 2613649 1539045 2670730 1140215 1526370 1113253 2146280 2641844 2928256 1311709 1800803 1866444 2371985 1214881 1800069 2297393 2491148 2884342 249207 2740572 1490894 2286421 1921107 2099244 1879630 1821372 2139759 1526320 2237018 1805509 3075822 1415731 2176405 2712154 2714094 2874574 554183 2441035 2051983 2237214 2231215 527650 755692 1825284 1823205 419994 1346060 1996364 2115256 1104844 3252859 1821877 960559 1795893 1531582 2757115 2370357 2249953 3069964 1528008 2092047 622962 2107507 1839146 2636520 666537 1905356 2453210 2724858 307080 261830 2679446 2162766 2728095 2250950 397853 1708109 2627231 2192619 3274793 1199155 1957593
4745197 3171191 3700776 2428914 0 3722803 3729630 3658901 4949353 3406056 398114 3272066 1004975 4443728 2092705 2212273 1367970 1995363 4417606 4871697 901963 129223 4309584 4213558 1721657 1996130 490678 1028290 1480557 4122405 3662917 1995916 3479897 3720934 1772569 2723577 1040338 584286 2617094 2722108 3454005 4149139 327871 4775634 4771991 3711052 3793373 1873253 1260890 4973660 3454801 4674868 3316260 696737 1116291 1508294 1447977 967246 468353 4501668 4627325 288024 1254903 953317 221744 4424053 1600651 2165965 1460415 945020 1304192 3553036 4754828 4765375 3830074 4357218 4622799 139873 2394798 1112876 4988983 4991492 2801166 2842652 3547733 553810 360395 4742820 729875 3709274 3364337 3628728 3066828 4142242 653857 3700413 3822145 1993645 3763554 464210 1875136 4756297 339039 802571 4270958 2106022 4010102 3850039 3417746 350589 4921828 3811120 3464651 4821537 4824298 3593784 2172420 2801896 1385331 3586451 289016 288784 756808 2578562 629604 1188145 4575531 3412907 4269990 236798 4702295 1502615 2452753 402489 3517783 4503108 4391027 4569165 583249 742472 413257 2364426 338449 1106878 1627135 3381625 4393092 477134 479074 5087242 2544522 4645720 1321959 510651 425338 2579471 1673511 4110829 4108750 2089592 1746995 4199910 4387303 3308390 1165712 4291797 3164105 844186 3586321 1945572 4521064 218340 1359830 4004709 1359577 2710251 1442210 4042692 601609 1762274 4375277 4603917 403679 2571096 2248229 4863494 4632687 4878802 1231895 2441244 891413 916442 4464666 1288786 3002792 783575
1620117 1638455 1119175 1437258 3722803 0 16034 177174 1665009 1203119 3332559 852983 3101235 1034123 3052775 2933890 2732674 3154069 741008 1709068 2957980 3719036 1447312 552839 4337059 3283348 3407819 2899825 4312542 402411 181432 2302910 1190251 760547 3742127 1397310 2884659 4159422 1250684 1574907 1133146 1120113 3534085 1462554 1458911 842959 447125 2232367 4154100 1660580 1661060 1353984 872254 3270634 3377287 4065370 2529371 2763166 4002277 825070 950727 3937440 2471366 2994556 3871160 868050 2508456 1938691 2649527 4231204 2800861 332387 1441961 1452508 898765 1028544 1305118 3692211 1710854 2612433 1811727 1802428 1282585 1265591 848513 3344611 3460384 1413353 2996045 317461 1600261 953046 1059069 465644 3161140 602587 937180 2111329 492916 3570846 2259014 1450183 3525773 3690882 562437 2377893 1120703 141804 1393466 3886127 1245230 1056095 1498175 1508456 1511218 1092573 3480438 1979089 2820648 536716 3442636 3938200 4184281 2202644 3097159 3059341 1192282 1074540 593392 3593749 1411709 3835823 1415148 4036928 1246165 863445 714535 892567 3175986 3117728 3436115 2414724 3533374 2998406 3885530 1280235 753429 4022345 4015338 1772143 1561221 1124853 3003465 3460513 3542555 1554409 2052047 402308 400515 1635330 2358356 1085678 726583 991794 4204340 615305 923860 3092249 1136267 3566823 1555051 3546309 4021445 296474 3043528 1395971 3058988 1101982 3892545 1962892 698679 1574743 4021214 1333687 1477167 1574947 956089 1621658 3202431 1538349 3004465 3578712 983654 4226274 1823714 3180892
1614580 1658375 1139095 1444084 3729630 16034 0 193861 1659000 1221854 3340759 869671 3119970 1028114 3071510 2952625 2740874 3172804 745704 1703059 2966180 3727236 1466047 546830 4355794 3302083 3416019 2908024 4331277 396402 200167 2321645 1208986 779282 3760862 1413998 2892859 4167622 1258883 1593642 1151881 1114104 3542285 1456545 1452902 861694 463813 2251102 4172835 1654571 1679795 1347975 890989 3278833 3396022 4084105 2537571 2771366 4010477 829766 955423 3945640 2479566 3002755 3879360 862041 2527191 1957426 2668262 4249939 2819596 349075 1435952 1446499 917500 1022535 1299109 3700411 1729589 2620633 1805718 1796419 1290784 1284326 867248 3352811 3468584 1407344 3004245 336196 1618996 971781 1075757 470340 3169340 621322 955915 2130064 511651 3579046 2277749 1444174 3533973 3709617 555751 2396628 1139438 146500 1412201 3894327 1249926 1074830 1516910 1502447 1505209 1111308 3499173 1997824 2839383 553404 3450836 3946400 4203016 2221379 3105359 3078076 1186273 1093275 598088 3601949 1405700 3854558 1423348 4045128 1264900 856759 719231 897263 3184186 3125928 3444315 2433459 3541574 3017141 3904265 1298970 746743 4041080 4034073 1766134 1579956 1118844 3022200 3468712 3550754 1571097 2060247 395623 405211 1643530 2377091 1079669 720574 1010529 4223075 620001 942595 3100449 1155002 3585558 1549042 3554509 4040180 301170 3062263 1414706 3077723 1095973 3911280 1971092 703375 1568734 4029414 1341886 1485367 1568938 960785 1615649 3221166 1546549 3012665 3597447 977645 4245009 1842449 3189091
1795659 1734424 1215144 1310581 3658901 177174 193861 0 1840304 1296241 3269559 684387 3166435 1209418 3145897 3027012 2669674 3247191 700735 1884363 2898563 3656036 1616084 728134 4430181 3376470 3310358 2772807 4405664 577706 350204 2396032 1283373 929319 3835249 1228714 2821659 4096422 1123666 1668029 1226268 1295408 3474104 1637849 1634206 1011731 278529 2297567 4247222 1835875 1754182 1529279 965376 3143616 3470409 4158492 2466371 2700166 3939277 784797 910454 3874440 2408366 2867538 3808160 1043345 2573656 2003891 2714727 4324326 2866061 163791 1617256 1627803 1067537 1203839 1480413 3629211 1776054 2549433 1987022 1977723 1159103 1358713 941635 3247151 3397384 1588648 2933045 486233 1693383 1046168 890473 425372 3098140 771359 1105952 2176529 661688 3507846 2324214 1625478 3465867 3784004 717750 2471015 1289475 210197 1486588 3823127 1204957 1224867 1591297 1683751 1686513 1185695 3573560 2072211 2759725 368120 3379636 3875200 4161612 2295766 3034159 3124542 1367577 1167662 553119 3530749 1587004 3928945 1352148 3973928 1339287 1018758 674262 852294 3112986 3058310 3373115 2507846 3468209 3063606 3978652 1373357 908742 3945510 3947450 1947438 1654343 1340561 3096587 3333495 3415537 1385813 1989047 557622 444059 1572330 2423556 1260973 901878 1084916 4297462 575032 1016982 3029249 1229389 3659945 1730346 3483309 4114567 255138 3136650 1489093 3152110 1290509 3869876 1899892 658406 1750038 3958214 1206669 1414167 1750242 915816 1796953 3295553 1475349 2941465 3671834 1158949 4319396 1916836 3053874
213925 2160663 1260719 2798646 4949353 1665009 1659000 1840304 0 1575003 4559145 2474840 3948647 640214 3644720 3525835 3787590 3746014 2097602 159784 4236565 4945622 646930 1117964 4929003 3875293 4686404 4250030 4932455 1272019 1585814 3032518 1553127 1330778 4334071 3019167 4163244 4873808 2819321 2232571 1505030 901742 4760671 207611 208614 1290938 2114473 3097139 4883708 83276 2014385 334033 1685464 4578784 4106895 4657314 3640995 4041751 4764227 2138487 2307321 4949023 3749951 4301624 5012750 802307 3355868 2887070 3496939 4960812 3648274 1999735 224902 223464 1191813 683586 368005 4918797 2659233 3891018 147576 138277 2875080 2213970 1457390 4623196 4686970 273282 4274630 1443785 1953586 1470283 2680926 1888090 4303812 1413948 1225963 3059708 1497056 4657289 3128205 285920 4752359 4420490 1197572 3107501 967008 1714173 1746791 4877397 2510831 1141885 1851499 164894 161838 1359383 4072382 2540623 3668061 2204064 4669222 4971570 4913889 2764177 4375744 3835319 478968 1682764 1949986 4820335 279057 4565431 2627583 4910610 1598836 1004755 1936138 2154486 4369758 4396313 4662701 2976257 4759960 3845819 4477474 1635296 1012822 4751953 4744946 141709 2509600 629903 3733073 4816033 4754157 3145019 3330633 1394014 1568483 2913916 3205768 771342 943069 1802016 4933948 1836908 1872239 4114573 1413967 4158767 429899 4772895 4751053 1835368 3773136 2344350 3788596 927416 4622153 3241478 2025337 349201 4831966 2924449 2755752 103542 2227805 79294 3932039 2553822 4283050 4308320 688116 4955882 2335332 4489042
1368344 627124 323923 1392709 3406056 1203119 1221854 1296241 1575003 0 3011520 1506003 2401022 1158727 2119166 2000281 2239965 2220460 1937974 1493021 2832360 3397997 930908 1257069 3403449 2349739 3170015 2845825 3406901 1257166 1036246 1484893 81338 531628 2808517 1808066 2759039 3326183 1544464 684946 80115 770463 3213046 1396958 1393315 509778 1463075 1549514 3336083 1594984 488831 1336707 372793 3174579 2559270 3131760 2149248 2637546 3216602 2022036 2147693 3401398 2345746 2897419 3465125 1326354 1808243 1312274 1949314 3413187 2100649 1325656 1376152 1386699 628799 1072217 1323673 3371172 1214437 2486813 1610307 1612816 1629293 802453 358426 3199972 3139345 1364144 2870425 939631 428032 250052 1712089 1662610 2756187 655106 436303 1484912 763295 3109664 1580580 1377621 3204734 2872865 1444493 1559876 631426 1338770 221237 3329772 2442196 432444 325946 1442861 1445622 215108 2546828 1043891 2120436 1529985 3121597 3423945 3366264 1267446 2932303 2287694 1290529 177601 1790358 3272710 1323619 3017806 1254924 3362985 119224 1546619 1911501 2089533 2822133 2992108 3115076 1479526 3212335 2298194 2951920 108006 1436603 3204328 3197321 1708566 1064804 1360718 2185448 3268408 3206532 1824233 1926428 1433141 1585026 1509711 1658143 900784 1355742 296853 3386323 1812271 467734 2566948 207645 2633213 1142388 3225270 3203428 1493440 2225511 899554 2240971 841417 3074528 1837273 1895645 1225241 3284341 1603663 1351547 1484818 2153055 1500126 2384414 1109026 2878845 2760695 1212163 3408257 809778 3084837
4352486 2778480 3308065 2036203 398114 3332559 3340759 3269559 4559145 3011520 0 2819054 611852 4050605 1699582 1819150 974847 1602240 3906119 4478574 571176 387873 3916461 3820435 1971337 1603007 159891 697503 1730237 3729282 3269794 1602793 3086774 3327811 2040986 2392790 619251 833966 2223971 2328985 3060882 3756016 202922 4382511 4378868 3317929 3281886 1480130 1510570 4580537 3061678 4281745 2923137 365950 950998 1757974 1054854 574123 676821 3990181 4115838 611984 861780 622529 545704 4030930 1207528 1772842 1067292 1194700 911069 3159913 4361705 4372252 3436951 3964095 4229676 366755 2001675 719753 4595860 4598369 2408043 2449529 3154610 223023 134928 4349697 336752 3316151 2971214 3235605 2736041 3630755 260734 3307290 3429022 1600522 3370431 245390 1482013 4363174 194610 734513 3877835 1712899 3616979 3456916 3024623 560671 4410341 3417997 3071528 4428414 4431175 3200661 1779297 2408773 992208 3071687 117180 612744 1006488 2185439 236481 795022 4182408 3019784 3758503 262586 4309172 1603718 2059630 711472 3124660 4109985 3879541 4057678 190126 411685 104952 1971303 202211 713755 1838282 2988502 3999969 683054 684994 4694119 2151399 4252597 928836 258284 196408 2248684 1280388 3717706 3715627 1696469 1353872 3806787 3994180 2915267 1415392 3780311 2770982 451063 3193198 1865682 4127941 220853 1609510 3611586 966454 2317128 1049087 3649569 676639 1369151 3863790 4210794 695758 2177973 1855106 4470371 4121200 4485679 838772 2048121 544886 848384 4071543 1538466 2609669 452788
2397883 1800038 1635095 860620 3272066 852983 869671 684387 2474840 1506003 2819054 0 2659902 1831737 2981934 2863049 2220672 3083228 1145983 2515804 2367951 3143553 2090188 1399273 4266217 3212507 2779746 2242195 4099927 1248845 893561 2130327 1508455 1403423 3671285 549774 2424920 3715950 661890 1520604 1429944 1866312 2943492 2269503 2265860 1485835 521750 1929635 3941485 2467529 1911078 2160435 1129739 2613004 3053284 3994528 2017369 2251163 3565651 1230045 1355702 3482401 1959363 2336926 3416121 1714484 2087050 1727492 2185907 4076684 2392317 518253 2248697 2259244 1541641 1801892 2108048 3237171 1499655 2100430 2618463 2609164 480163 1220463 1361211 2716539 2948381 2216283 2484042 1029590 1850279 1411347 211533 870619 2649137 1298008 1580056 1808597 1205045 3058843 1940338 2245083 2935255 3358547 1388889 2235524 1763579 881336 1643484 3447887 1650205 1698971 1748193 2315406 2318167 1569642 3409596 1924786 2310723 314828 2998645 3483161 3888472 2112806 2585156 2650797 1995212 1329403 998367 3018266 2195666 3623208 1108016 3581889 1552024 1689897 1119404 1297542 2663983 2527698 2858975 2327417 2937597 2589862 3814688 1530253 1579881 3574432 3576372 2579092 1355280 2011700 2681907 2802883 2884925 706873 1540045 1228761 1180975 1178586 2068747 1830971 1573017 1219366 3991725 1020174 1088676 2580246 1562179 3495981 2301668 3053212 3808830 846166 2719525 1281575 2846373 1764613 3420873 1450890 1103654 2384521 3566175 684994 1120639 2375284 1361064 2428394 2878428 1198950 2425642 3254709 1830088 4013659 1834526 2523262
3741988 2167982 2697567 1875549 1004975 3101235 3119970 3166435 3948647 2401022 611852 2659902 0 3491427 1089302 1208870 501457 991960 3836351 3868294 810623 998149 3306181 3441814 1777146 992727 770167 823191 1692361 3373897 2934623 992512 2476494 2768633 1430706 2190530 639562 1105543 2064085 1718705 2450602 3145736 813198 3772231 3768588 2758751 3122000 869850 1533919 3970257 2451398 3711980 2363959 856262 689933 1505457 686104 518069 995961 3920413 4046070 1216554 704156 875682 1150274 3528032 597248 1162562 457012 1333836 300789 3000027 3751425 3761972 2877773 3404917 3670498 971325 1391395 639200 3985580 3988089 2248157 1839249 2595432 800125 739498 3739417 519890 2970268 2360934 2625325 2519903 3560987 356340 2758326 2811576 990242 2866515 709817 871733 3752894 804886 790633 3625462 1102618 3006699 3237147 2414343 1165241 4340573 2807717 2461248 3818134 3820895 2590381 1169017 1798492 381928 2911801 721750 1217314 1145623 1575158 532456 184742 3623230 2409504 3688735 872862 3698892 1215642 1838652 1142344 2514380 3731364 3809878 3987910 422286 699950 715228 1361022 812487 103475 1450206 2378222 3621348 983687 976680 4083839 1541119 3693419 318555 868560 806684 2129462 1120501 3506006 3495858 1536582 743592 3247609 3540487 2307927 1446376 3710648 2177504 167100 2582918 1255402 3517661 825423 1401264 3391817 356174 1706848 438807 3090391 853887 1209264 3794022 3600514 1063700 2018086 1695220 3860091 4051432 3875399 515077 1691300 728037 723977 3544863 1606093 1999388 827915
599668 1748713 848769 2239373 4443728 1034123 1028114 1209418 640214 1158727 4050605 1831737 3491427 0 3233015 3114130 3333092 3334309 1463647 682910 3681101 4442157 598511 484009 4517298 3463588 4130940 3771006 4520750 638064 946404 2620812 1141422 769104 3922366 2379757 3607780 4462102 2179911 1820865 1093324 392650 4257206 436396 432753 735474 1480518 2625282 4472002 634422 1602680 327826 1130000 4023320 3695189 4245609 3085531 3486287 4352521 1504532 1673366 4537317 3194487 3746160 4601044 168352 2901371 2331606 3042442 4549106 3193776 1365780 415803 426350 630139 90226 278960 4415332 2103769 3335554 785569 776270 2235670 1658506 901926 4067732 4183505 387195 3719166 804375 1541881 995564 2041516 1254135 3849315 832859 779874 2504244 850410 4202792 2651929 424025 4248894 4008784 563617 2695795 541342 1080218 1335086 4465691 1876876 730180 1439794 482298 485060 947677 3660677 2128918 3213563 1570109 4165757 4559864 4502183 2352472 3820280 3423613 166124 1184907 1316031 4316870 385551 4153725 2072119 4498904 1187131 444499 1302183 1520531 3915261 3840849 4159236 2564552 4256495 3391321 4065769 1223591 378867 4340247 4333240 745985 1954136 204311 3321367 4213199 4250692 2505609 2775169 760059 934528 2358452 2751271 260441 309114 1249779 4522242 1202953 1316775 3660076 1002262 3747062 586992 4269430 4339347 1201413 3361430 1788886 3376890 404663 4210447 2686014 1391382 606684 4420260 2285039 2200288 548789 1593850 595500 3520333 1998358 3727586 3896614 54161 4544176 1923627 3933578
3438061 1463133 2393641 2243068 2092705 3052775 3071510 3145897 3644720 2119166 1699582 2981934 1089302 3233015 0 120440 1263686 101955 3788707 3577075 1900255 2087782 3014962 3341123 1284945 231234 1859800 1912824 1288397 3326253 2886979 858845 2119242 2566264 690013 2639772 1729195 1723758 2390504 1484325 2163502 2854517 1902831 3481012 3477369 2593832 3313808 1029755 1481404 3679038 1633100 3420761 2304862 1945894 956844 1013256 1448333 1607702 1614176 3872769 3998426 1798972 1550271 1965314 1862699 3410408 1025662 1317640 1088926 1694488 1063018 3176389 3460206 3470753 2712853 3156271 3407727 1934249 1546472 1625565 3694361 3696870 2574576 1791605 2393062 1889757 1829130 3448198 1609522 2922624 1660627 2334106 2846322 3513343 1445972 2689745 2520357 1145319 2797934 1669283 1043381 3461675 1894519 1270440 3528547 739541 2715480 3189503 1902319 1727346 4292929 2516498 1795059 3526915 3529676 2299162 428324 1076693 1144157 3120470 1811382 1821519 1704640 853359 1622088 906882 3374583 2106022 3641091 1962495 3407673 1078238 1993729 1760559 2074305 3630673 3762234 3940266 1511918 1789582 1804861 639223 1902120 1027014 833416 2014685 3520657 1601902 1594895 3792620 1696197 3444772 776701 1958193 1896317 2574222 1651629 3458362 3448214 1806745 1119865 2984838 3439796 2145551 1474174 3663004 2129860 1256733 2291699 514709 3226442 1915055 1132780 3344173 801644 1861926 653162 2925471 1472102 1657747 3746378 3309295 1681915 2395896 1954651 3568872 4003788 3584180 915689 1846377 1817669 1158270 3296217 1350560 1277589 1917547
3319176 1344248 2274756 2124183 2212273 2933890 2952625 3027012 3525835 2000281 1819150 2863049 1208870 3114130 120440 0 1371331 221436 3669931 3458299 2019736 2207263 2896186 3222347 1404426 350715 1979281 2032305 1407878 3207477 2768203 740069 2000466 2447488 809494 2520996 1848676 1843239 2271728 1365549 2044726 2735741 2022312 3362236 3358593 2475056 3195032 910979 1600885 3560262 1514324 3301985 2186086 2065375 1076325 1132737 1492194 1727183 1733657 3753993 3879650 1918453 1657915 2084795 1982180 3291632 1017417 1198864 1080681 1813969 1182499 3057613 3341430 3351977 2594077 3037495 3288951 2053730 1427696 1733209 3575585 3578094 2455800 1672829 2274286 2009238 1948611 3329422 1729003 2803848 1541851 2215330 2727546 3394567 1565453 2570969 2401581 1026543 2679158 1788764 924605 3342899 2014000 1389921 3409771 620765 2596704 3070727 1783543 1846827 4174153 2397722 1676283 3408139 3410900 2180386 547805 957917 1251802 3001694 1930863 1941000 1824121 734583 1741569 1026363 3255807 1987246 3522315 2081976 3288897 1197719 1874953 1880040 1955529 3511897 3643458 3821490 1631399 1909063 1924342 520447 2021601 1146495 952897 1895909 3401881 1721383 1714376 3673844 1577421 3325996 896182 2077674 2015798 2455446 1532853 3339586 3329438 1687969 1001089 2866062 3321020 2026775 1593655 3544228 2011084 1376214 2172923 634190 3107666 2034536 1252261 3225397 921125 1743150 772643 2806695 1591583 1538971 3627602 3190519 1801396 2277120 1835875 3450096 3885012 3465404 1035170 1727601 1937150 1277751 3177441 1470041 1158813 2037028
3580931 2006925 2536510 1436319 1367970 2732674 2740874 2669674 3787590 2239965 974847 2220672 501457 3333092 1263686 1371331 0 1164333 3311983 3707155 665183 1361262 3145042 3226299 1949519 1165100 1050045 710513 1864734 3135146 2675658 849857 2315355 2607494 1603079 1756281 526884 1629219 1629835 1557566 2289463 2984597 1176311 3611092 3607449 2597612 2687750 708711 1706292 3809118 2290259 3550841 2202820 1007402 862306 1677830 218069 405391 1519638 3396045 3521702 1579666 320007 730242 1513386 3366893 436109 1001423 295873 1716223 201339 2565777 3590286 3600833 2716634 3243778 3509359 1334437 1230256 361879 3824441 3826950 1813907 1678110 2434293 986837 1102610 3578278 638271 2722015 2199795 2464186 2085653 3036619 758646 2597187 2650437 829103 2705376 1112123 710594 3591755 1167999 1175901 3283699 1078811 2845560 2862780 2253204 1528353 3816205 2646578 2300109 3656995 3659756 2429242 1341390 1647063 119745 2477551 1084862 1580426 1669300 1440837 739384 459819 3462091 2248365 3164367 1235975 3537753 1388015 1465494 1666021 2353241 3515849 3285405 3463542 818212 824931 1078341 1320920 1175600 398884 1622579 2217083 3405833 1507364 1500357 3922700 1379980 3532280 490929 1197281 1169797 1695212 686252 3123570 3121491 1102333 582453 3086470 3400044 2146788 1786130 3186175 2016365 569407 2421779 1427775 3356522 1188535 1573637 3017450 528547 1545709 611180 2929252 1377564 775015 3269654 3439375 1587377 1583837 1260970 3698952 3527064 3714260 687450 1285368 646690 1063731 3383724 1778466 1859055 917660
3539355 1564427 2494935 2344362 1995363 3154069 3172804 3247191 3746014 2220460 1602240 3083228 991960 3334309 101955 221436 1164333 0 3891917 3680285 1802332 1989859 3118172 3444333 1184293 130583 1761877 1814901 1187745 3429463 2990189 962055 2222452 2669474 589361 2742982 1631272 1625835 2493714 1587535 2266712 2957727 1804908 3584222 3580579 2697042 3417018 1132965 1380752 3782248 1736310 3523971 2408072 1847971 858921 912604 1350410 1509779 1516253 3975979 4101636 1701049 1452348 1867391 1764776 3513618 1128872 1420850 1121318 1593836 965095 3279599 3563416 3573963 2816063 3259481 3510937 1836326 1649682 1527642 3797571 3800080 2677786 1894815 2496272 1791834 1731207 3551408 1511599 3025834 1763837 2437316 2949532 3616553 1348049 2792955 2623567 1248529 2901144 1571360 1146591 3564885 1796596 1172517 3631757 842751 2818690 3292713 2005529 1629423 4396139 2619708 1898269 3630125 3632886 2402372 327672 1179903 1046234 3223680 1713459 1723596 1603988 956569 1524165 808959 3477793 2209232 3744301 1864572 3510883 977586 2096939 1662636 2177515 3733883 3865444 4043476 1413995 1691659 1706938 742433 1804197 929091 732764 2117895 3623867 1503979 1496972 3895830 1799407 3547982 678778 1860270 1798394 2677432 1754839 3561572 3551424 1909955 1223075 3088048 3543006 2248761 1373522 3766214 2233070 1158810 2394909 414057 3329652 1817132 1032128 3447383 703721 1965136 555239 3028681 1374179 1760957 3849588 3412505 1583992 2499106 2057861 3672082 4106998 3687390 817766 1949587 1719746 1060347 3399427 1249908 1380799 1819624
2057056 2377834 1858554 1947685 4417606 741008 745704 700735 2097602 1937974 3906119 1145983 3836351 1463647 3788707 3669931 3311983 3891917 0 2138165 3512864 4288466 1999461 1074547 5075349 4021638 3924659 3387108 5050832 951393 919722 3041200 1928541 1498837 4480417 1694687 3569833 4860863 1806803 2313197 1871436 1672668 4088405 1891651 1888008 1581249 631823 2970657 4892390 2089677 2399350 1783081 1610544 3757917 4115577 4803660 3104909 3338703 4710564 163793 212466 4627314 3046903 3481839 4561034 1297147 3246746 2676981 3387817 4969494 3539151 782225 1871058 1881605 1637055 1551625 1734215 4382084 2449144 3187970 2240824 2231525 1625076 2003881 1586803 3861452 4035921 1842450 3571582 1055751 2338551 1691336 1356446 277152 3736677 1340877 1675470 2849619 1231206 4146383 2997304 1879280 4080168 4429172 900005 3116183 1725925 610865 2131756 4592800 592299 1794385 2236465 1937553 1940315 1830863 4218728 2717379 3398263 844246 4018173 4628074 5033385 2940934 3672696 3797631 1621379 1812830 150599 4163179 1840806 4574113 2142600 4726802 1984455 1201013 213834 231291 3751523 3672611 4003888 3153014 4082510 3736696 4623820 2018525 1090997 4719345 4721285 2201240 2299511 1522816 3741755 3947796 4029838 1851786 2627585 704164 533945 2266126 3096646 1638233 1175108 1730084 4942630 299184 1662150 3667786 1874557 4305113 2048391 4198125 4759735 446291 3781818 2134261 3797278 1654537 4508413 2538430 124225 2068083 4711088 1829907 2204619 2004044 294812 2050755 3940721 2265801 3570555 4317002 1412751 4964564 2562004 3668175
130116 2083007 1183063 2720990 4871697 1709068 1703059 1884363 159784 1493021 4478574 2515804 3868294 682910 3577075 3458299 3707155 3680285 2138165 0 4159434 4868491 569799 1161033 4851872 3798162 4609273 4172899 4855324 1315088 1628883 2955387 1475996 1253647 4256940 3062236 4086113 4796677 2862390 2155440 1427899 893112 4683540 250680 251683 1213807 2157542 3020008 4806577 206795 1937254 377102 1608333 4501653 4029764 4580183 3563864 3964620 4687096 2181556 2350390 4871892 3672820 4224493 4935619 845376 3278737 2809939 3419808 4883681 3571143 2042804 267971 266533 1114682 726655 411074 4841666 2582102 3813887 121531 124040 2918149 2136839 1380259 4546065 4609839 316351 4197499 1486854 1876455 1393152 2723995 1931159 4226681 1411027 1148832 2982577 1519216 4580158 3051074 328989 4675228 4343359 1240641 3030370 889877 1757242 1669660 4800266 2553900 1064754 1774368 207962 204906 1282252 3995251 2463492 3590930 2247133 4592091 4894439 4836758 2687046 4298613 3758188 522037 1605633 1993055 4743204 322126 4488300 2550452 4833479 1521705 1047824 1979207 2197555 4292627 4319182 4585570 2899126 4682829 3768688 4400343 1558165 1055891 4674822 4667815 254233 2432469 672972 3655942 4738902 4677026 3188088 3253502 1437083 1611552 2836785 3128637 814411 986138 1724885 4856817 1879977 1795108 4037442 1336836 4081636 352768 4695764 4673922 1878437 3696005 2267219 3711465 970485 4545022 3164347 2068406 272070 4754835 2967518 2678621 143652 2270874 87468 3854908 2476691 4205919 4231189 731185 4878751 2258201 4411911
4029906 2540874 3052986 1661624 901963 2957980 2966180 2898563 4236565 2832360 571176 2367951 810623 3681101 1900255 2019736 665183 1802332 3512864 4159434 0 776454 3594867 3446002 2364099 1801884 412647 126822 2245122 3423608 2895361 1516727 2888998 2953378 2239863 1822109 138870 1348851 1833216 2142732 2835257 3376835 576393 4000975 3997332 2943496 2891905 1375581 2025455 4199001 2825164 3907312 2548704 343071 1149875 2092410 680421 263772 1198552 3600200 3725857 1115302 487347 65911 1049022 3656497 1102979 1526312 962743 1709585 868209 2788227 3980169 3990716 3062518 3589662 3855243 870072 1649750 345292 4274266 4276775 1901146 2000535 2780177 349440 661439 3966681 291769 2941718 2734700 2833628 2165360 3240774 456864 2932857 3054589 1386181 2995998 771901 1409344 3976555 568156 1166274 3572161 1745681 3268258 3151242 2786569 1080788 4020360 3121873 2835014 4046878 4049639 2975035 1978174 2313933 786615 2684983 631546 1116062 1521373 2107707 312704 993899 3807975 2650871 3368522 651167 3927138 1802595 1685197 1214790 2926884 3873169 3489559 3667697 462354 160599 491876 1987790 570498 832430 2037159 2851721 3763153 1207333 1209273 4310564 1740742 3878164 1127713 532950 553938 1678003 905955 3412032 3409953 1322037 1249323 3432354 3619747 2540834 1930277 3390329 2396549 649940 2967572 2064559 3806347 686113 1988217 3114756 1165331 1906471 1247964 3275136 1228600 994719 3473809 3889200 1199076 1736893 1480674 4115436 3731219 4164085 1037649 1673689 83518 1213689 3697110 2053351 2444221 253329
4738963 3164957 3694542 2422680 129223 3719036 3727236 3656036 4945622 3397997 387873 3143553 998149 4442157 2087782 2207263 1361262 1989859 4288466 4868491 776454 0 4285605 4189579 1849220 1972151 365142 902754 1608120 4098426 3638938 1971937 3455918 3696955 1900132 2598041 914802 711849 2609148 2698129 3430026 4125160 218795 4751655 4748012 3687073 3667837 1849274 1388453 4949681 3430822 4650889 3292281 571201 1243854 1635857 1423998 943267 595916 4376132 4501789 415586 1230924 827781 349306 4400074 1576672 2141986 1436436 1072583 1280213 3564159 4730849 4741396 3806095 4333239 4598820 267436 2370819 1088897 4965004 4967513 2677078 2818673 3523754 428274 389691 4718841 705896 3685295 3340358 3604749 2941292 4016706 629878 3676434 3798166 1969666 3739575 493506 1851157 4732318 229963 930134 4246979 2082043 3986123 3826060 3393767 478152 4796292 3787141 3440672 4797558 4800319 3569805 2148441 2777917 1361352 3460915 311971 416347 884371 2554583 605625 1164166 4551552 3388928 4144454 127722 4678316 1630178 2428774 530051 3493804 4479129 4265491 4443629 559270 616936 287721 2340447 229373 1082899 1754698 3357646 4369113 604697 606637 5063263 2520543 4621741 1297980 401575 316262 2453935 1649532 4086850 4084771 2065613 1723016 4175931 4363324 3284411 1293275 4166261 3140126 820207 3562342 2234826 4497085 224667 1487393 3890688 1335598 2686272 1418231 4018713 729172 1738295 4249741 4579938 531242 2512825 2224250 4839515 4507151 4854823 1207916 2417265 765877 1044005 4440687 1416349 2978813 658039
440271 1520894 620950 2158877 4309584 1447312 1466047 1616084 646930 930908 3916461 2090188 3306181 598511 3014962 2896186 3145042 3118172 1999461 569799 3594867 4285605 0 1065508 4291179 3237469 4048580 3612206 4294631 1065605 1276888 2394694 915303 692954 3696247 2513279 3525420 4235984 2258743 1594747 867206 332419 4122847 652713 649070 653114 1804737 2459315 4245884 728589 1376561 630094 1047640 3940960 3469071 4019490 3003171 3403927 4126403 2044484 2213319 4311199 3112127 3663800 4374926 769662 2718044 2249246 2859115 4322988 3010450 1667318 631907 642454 553989 515524 667396 4280973 2021409 3253194 687360 689869 2334506 1576146 819566 3985372 4049146 657531 3636806 1134859 1315762 832459 2303636 1794088 3665988 850334 588139 2421884 958523 4019465 2490381 671008 4114535 3782666 1164927 2469677 329184 1589047 1108967 4239573 2416828 504061 1213675 664389 697578 721559 3434558 1902799 3030237 1871647 4031398 4333746 4276065 2126353 3737920 3197495 675623 1044940 1855984 4182511 605293 3927607 1989759 4272786 961012 1045809 1842135 2060483 3731934 3758489 4024877 2338433 4122136 3207995 3839650 997472 980177 4114129 4107122 785619 1871776 826558 3095249 4178209 4116333 2584441 2692809 1322596 1474480 2276092 2567944 465877 910424 1164192 4296124 1742905 1234415 3476749 776143 3520943 219441 4135071 4113229 1743717 3135312 1706526 3150772 433152 3984329 2603654 1931334 302294 4194142 2363871 2117928 636324 2133802 577179 3294215 1915998 3645226 3670496 655471 4318058 1697508 3851218
1077418 1834086 994426 1941511 4213558 552839 546830 728134 1117964 1257069 3820435 1399273 3441814 484009 3341123 3222347 3226299 3444333 1074547 1161033 3446002 4189579 1065508 0 4628784 3575074 3896437 3451848 4632236 156694 648038 2643351 1247988 752750 4033852 1949333 3373277 4484641 1802707 1915348 1190883 733566 4022703 913430 909787 750694 999148 2572808 4494541 1111456 1714166 804860 1145220 3822657 3717728 4357095 3017989 3251784 4375060 1116218 1285053 4426058 2959984 3546579 4359778 318926 2848897 2279132 2989968 4571645 3141302 884410 892837 903384 668742 515204 755994 4180829 2051295 3101051 1262603 1253304 1834608 1606032 917145 3833229 3949002 864229 3484663 506009 1653367 1010783 1611092 865822 3649758 693353 812990 2451770 638510 4059464 2599455 901059 4014391 4031323 194442 2718334 786823 619469 1446572 4374745 1488562 905604 1551280 959332 962094 1099042 3772163 2249810 3161089 1088739 3931254 4426818 4524722 2473365 3585777 3399782 643158 1200127 927718 4082367 862585 4176264 1903766 4525546 1303902 293264 913869 1132217 3664604 3606346 3924733 2685445 4021992 3338847 4177255 1335077 183248 4362786 4355779 1223019 1901662 575729 3343906 4012536 4016189 2106432 2540665 371745 546214 2123948 2698797 639757 177459 1264999 4544781 814639 1264301 3607602 1127693 3858548 1070170 4034927 4361886 757495 3383969 1736412 3399429 715435 4232986 2451510 1003068 1089862 4442799 1885710 1965785 1025823 1205536 1072534 3542872 1945884 3493083 3919153 434530 4566715 2025518 3732915
4722344 2747417 3677924 3527351 1721657 4337059 4355794 4430181 4929003 3403449 1971337 4266217 1777146 4517298 1284945 1404426 1949519 1184293 5075349 4851872 2364099 1849220 4291179 4628784 0 1055644 2075028 2452290 242360 4610397 4171123 2080577 3403386 3850408 597703 3652794 2395444 1138385 3572846 2768469 3447646 4138661 1937351 4765156 4761513 3877976 4597952 2212098 658376 4963182 2917244 4704905 3589006 2281087 1363999 273283 2114582 2273951 1352587 5156913 5282570 1437006 2216520 2415542 1500733 4694552 2025725 2499983 1885490 778474 1729267 4460533 4744350 4754897 3996997 4440415 4691871 1617313 2728815 2291814 4978505 4981014 3756918 3075749 3677206 2138160 1773959 4732342 2059750 4206768 2944771 3618250 4028664 4797487 1896200 3973889 3804501 2327662 4082078 1662083 2225724 4745819 1948518 1298760 4812691 2023685 3999624 4473647 3186463 1420701 5577073 3800642 3079203 4811059 4813820 3583306 857887 2360837 1810406 4404614 1873366 1459553 965897 2137503 2072316 1573131 4658727 3390166 4925235 1943342 4691817 550338 3176072 1398593 3358449 4914817 5046378 5224410 1962146 2239810 1997607 1923367 1947928 1693263 452225 3298829 4804801 1305717 1350016 5076764 2878540 4728916 1442950 2109862 2024549 3591725 2582765 4742506 4732358 2989088 2172070 4268982 4723940 3429695 558160 4947148 3414004 1922982 3575843 770707 4510586 1802690 398614 4628317 1467893 3044269 1319419 4209615 1297106 2671528 5030522 4593439 1318695 3480350 3136994 4853016 5287932 4868324 1375477 3028720 2267897 1184110 4580361 434546 2561733 2367925
3668634 1693706 2624214 2473641 1996130 3283348 3302083 3376470 3875293 2349739 1603007 3212507 992727 3463588 231234 350715 1165100 130583 4021638 3798162 1801884 1972151 3237469 3575074 1055644 0 1762121 1815145 1059084 3555641 3116367 1088233 2348630 2795652 460700 2869160 1631516 1583967 2619892 1713713 2392890 3083905 1805152 3710400 3706757 2823220 3543196 1259143 1252091 3908426 1862488 3650149 2534250 1848215 817053 783943 1350654 1510023 1474385 4102157 4227814 1659181 1452592 1867635 1722908 3639796 1261797 1547028 1121562 1465175 965339 3405777 3689594 3700141 2942241 3385659 3637115 1794458 1775860 1527886 3923749 3926258 2803964 2020993 2622450 1792078 1731451 3677586 1511843 3152012 1890015 2563494 3075710 3742731 1348293 2919133 2749745 1374707 3027322 1529492 1272769 3691063 1796840 1130649 3757935 968929 2944868 3418891 2131707 1587555 4522317 2745886 2024447 3756303 3759064 2528550 199011 1306081 1046478 3349858 1713703 1681728 1475327 1082747 1524409 809203 3603971 2335410 3870479 1864816 3637061 848925 2223117 1620768 2303693 3860061 3991622 4169654 1414239 1691903 1707182 868611 1804441 929335 604103 2244073 3750045 1462111 1455104 4022008 1925585 3674160 679022 1860514 1798638 2803610 1881017 3687750 3677602 2036133 1349253 3214226 3669184 2374939 1244861 3892392 2359248 1159054 2521087 285396 3455830 1817376 903467 3573561 703965 2091314 555483 3154859 1332311 1887135 3975766 3538683 1542124 2625284 2184039 3798260 4233176 3813568 818010 2075765 1719990 1018479 3525605 1121247 1506977 1819868
