NAME: tesla196_time
TYPE: TSP
COMMENT: Tesla 196 superchargers with driving time (seconds)
DIMENSION: 196
EDGE_WEIGHT_TYPE: EXPLICIT
EDGE_WEIGHT_FORMAT: FULL_MATRIX
EDGE_WEIGHT_SECTION
0 64756 34969 84827 153716 53273 53027 58998 7404 45808 139900 77677 120949 20585 111464 107655 116885 114677 67613 6517 132179 153173 14547 36301 153263 118828 144884 132530 153585 40884 49472 92180 45200 36957 133718 95328 127870 151922 88990 66513 43001 25241 147003 9064 9055 35659 69048 93239 157603 10320 60438 9482 48668 143031 125999 144037 116327 124237 147737 67642 74126 153478 115014 134445 155336 26095 102568 86768 107034 157261 111458 63520 8274 8698 32592 20345 11462 152008 79948 119436 11365 11554 91947 66044 41111 142829 144329 10177 131409 44990 58411 42832 84332 59929 131960 42232 33885 92116 45676 145164 94481 10566 146540 135693 38544 95901 25222 56431 51754 151058 81256 31031 55110 9368 9257 38333 124879 77768 112383 69778 143659 154232 153192 84474 134468 118515 14798 48997 62952 148896 7402 141603 79331 152408 46676 35627 61248 67983 133974 136992 143357 91099 146911 117733 138474 48151 32851 146664 146412 11998 75409 21128 114579 148728 146375 98889 101622 44568 49942 88549 97257 23478 30653 52526 157527 58335 55081 126099 40064 127601 7407 147735 147824 61032 115726 70315 116075 28606 142270 98865 64450 4935 149412 91450 83386 7331 70193 5292 120466 76635 131997 132338 22390 155144 70559 140084
64756 0 30201 40069 101623 53995 54757 58177 71398 20734 87807 58550 68856 58029 48592 44783 64792 51804 77054 70932 85939 101080 50794 61742 90391 55956 92916 86290 90713 61595 48875 40087 20822 36147 70846 58965 81630 99536 48775 14420 22192 44904 94910 66049 66040 35743 63597 41146 102100 72875 9692 63958 27495 96791 73613 81165 64885 77997 95351 79320 83567 101092 68774 88205 102950 63826 50475 35632 54941 104924 59365 57426 65259 65675 39794 55194 63580 99915 30937 73196 75780 75969 54266 18261 30531 94602 92236 65699 85169 49478 6678 27773 60959 68523 79867 40236 35853 40981 43680 93071 42388 66088 94447 83307 67800 34946 40387 58656 13322 98672 94460 33933 9851 67660 67840 27231 62006 13162 60290 60302 91566 101846 100806 19868 85531 66129 62456 21486 72394 96803 63410 83798 32000 100022 19038 71062 76207 81649 81881 90752 91264 26493 94818 65640 75601 16963 67461 94278 94026 75992 26398 65667 62193 96635 94282 57597 55382 65817 66687 43832 45164 49239 67030 23196 97469 73295 24064 74006 26346 64729 57421 95642 85913 63362 63340 21304 63689 46787 89884 52625 75635 60181 97026 50158 38669 69250 83432 69286 68080 27624 85757 79952 60121 93278 5952 93844
34969 30201 0 52689 119325 36668 37430 40850 41719 11417 105509 52634 86558 28350 77073 73264 82494 80286 59727 41253 100041 118782 21115 35182 118872 84437 110618 100392 119194 35035 31145 57789 10809 12518 99327 67193 95732 117531 58069 32122 8610 15225 112612 36370 36361 9939 46270 58848 123212 43196 26047 34279 16530 110893 91608 109646 82587 92099 113346 61993 66240 119087 82876 102307 120945 34147 68177 53334 72643 122870 77067 40099 35580 35996 11977 25515 33901 117617 47370 87298 46101 46290 61177 33906 8962 110691 109938 36020 99271 26663 24020 9354 59289 51196 97569 17421 6466 58683 20865 110773 60090 36409 112149 101302 41240 61510 10708 41329 17363 116667 77133 4255 20719 37981 38161 3942 90488 43377 77992 46357 109268 119841 118801 50083 102330 84124 32777 14606 55067 114505 33731 107212 47193 118017 12285 44465 58827 64322 99583 104854 108966 56708 112520 83342 104083 13760 40902 112273 112021 46313 42831 35988 80188 114337 111984 67968 69484 43002 47521 56411 62866 19560 38704 18135 123136 55914 22943 91708 5673 93210 27742 113344 113433 46035 81335 37737 81684 18552 107879 66727 58308 30502 115021 60529 51248 39571 66105 39607 86075 44057 99859 97947 30442 120753 36168 107946
84827 40069 52689 0 80278 46651 47280 43987 91491 45717 66462 28246 65478 73613 69347 65538 50066 72560 63690 91025 56363 79735 70887 64455 111146 76712 69068 53699 108595 59626 45866 43361 47167 49415 91602 19245 52054 93870 9430 28775 44923 63747 73565 85344 85335 49067 44593 38059 108394 92170 49348 81464 36079 65001 76790 101920 42066 48421 88881 65956 70203 86890 39198 56559 84544 70563 48055 28942 51916 105002 55975 40740 84554 84970 53118 71493 80087 78570 22121 43620 95873 96062 14921 23202 43799 67013 70891 84235 55593 47472 46401 45820 24919 55158 61203 48271 52860 34290 49637 74427 39100 85297 73102 85123 63529 48825 59737 50631 48875 84991 81096 55164 49574 86955 87135 50134 82762 39281 53089 37790 70221 86921 98425 44556 58652 64689 78755 39356 59029 75458 82794 92394 8123 90095 48172 73109 62824 68285 61969 61176 69919 51184 73473 62250 96357 45386 69509 89155 89252 96145 17764 81432 65370 71273 72937 17877 25807 60016 58662 13838 42744 65746 69829 35586 108318 59912 30954 63460 49249 85485 77514 74297 98615 53464 66517 19537 66866 60111 87504 23050 62271 80274 89238 10438 8675 88618 70068 89379 71257 12835 56181 83129 73534 105935 39209 62054
153716 101623 119325 80278 0 120271 120900 119549 160128 109336 14104 103232 32785 144966 68263 71863 46101 64726 138950 159662 29225 4364 139524 136455 58251 62782 16568 33378 49759 133246 117866 65015 111834 120053 61974 85396 33735 19058 84989 87160 110750 133634 12049 154779 154770 119705 119854 61339 45167 161605 110709 152102 106717 23721 36306 53752 48449 32227 15751 141216 145463 9560 40931 31082 7214 142563 51458 70259 46994 31468 42338 116460 153989 154405 123756 142131 150725 5170 77229 36610 164510 164699 90480 91123 114437 18557 12659 154429 24699 119472 107763 116503 96636 130418 22062 118909 123498 65066 121637 15915 61235 154818 12575 26734 137150 69299 129117 124251 110237 11801 156356 122663 110936 156390 156570 115961 68134 90911 44978 113318 10307 9591 24890 84267 21414 38116 149393 109578 134289 8508 152140 52877 78761 13853 112839 145775 138085 143545 19728 24540 14210 77709 12610 35914 57198 108258 142174 16094 16191 164722 81716 152604 42442 18511 15584 81089 54009 133637 132282 67106 56555 136384 141829 106224 39035 135173 101592 28170 115076 67944 146151 7397 45683 128957 43470 86662 46088 130749 20375 56778 137531 148911 13476 84608 72220 157980 145328 158016 41566 81974 29674 30143 145534 43124 97043 26268
53273 53995 36668 46651 120271 0 1456 6126 56280 40124 107282 26851 99330 34053 99258 95449 90886 102470 23382 57885 97183 120555 47701 18383 141057 106622 109888 93103 140967 13521 6145 75343 39958 24869 121512 44502 92874 134690 40995 51155 37317 37901 114385 49286 49277 27716 16176 70953 140766 56111 53509 44981 28218 104405 109162 131831 82886 89241 129701 25648 29895 127710 80018 95963 125364 28493 80949 61836 85415 140424 89839 10691 48437 48853 29400 33815 43651 119390 55016 84440 61744 61183 42634 41112 27988 107833 111711 47752 96413 10529 51482 31432 33506 14851 102023 19696 30776 67184 16244 115247 71994 49092 113922 118856 17907 79064 36551 4984 44825 125811 40788 34901 48180 50896 51076 37524 112672 63828 90764 16950 111041 127741 136355 70534 99472 98553 39593 35042 18722 116278 47010 124766 46346 130915 41243 27487 22535 27977 102789 101996 110739 77160 114293 96114 126267 41138 23887 129827 129575 60086 50477 39782 97742 110677 113357 49930 66627 14394 13015 53554 75639 37935 23757 32481 140690 19623 30149 104280 38485 115395 51584 115117 130987 9690 98889 45383 99238 36589 125433 63870 21963 54027 130058 44231 48391 53272 29760 54917 103629 50254 97001 115501 32273 138307 59915 101458
53027 54757 37430 47280 120900 1456 0 6532 55941 40773 107952 27257 99979 33714 99907 96098 91556 103119 23388 57546 97853 121225 48350 18044 141706 107271 110558 93772 141616 13182 6794 75992 40607 25518 122161 44908 93544 135360 41664 51804 37966 37562 115055 48947 48938 28365 16583 71602 141415 55772 54158 44642 28867 105074 109811 132480 83556 89911 130371 25654 29901 128380 80688 96632 126034 28154 81598 62485 86064 141073 90488 11097 48098 48514 30049 33476 43312 120060 55665 85110 61405 60844 43303 41761 28637 108503 112381 47413 97083 11178 52131 32081 33912 14857 102693 20345 31425 67833 16893 115917 72643 48753 114592 119505 17538 79713 37200 4990 45474 126481 40794 35550 48829 50557 50737 38173 113321 64477 91413 17356 111711 128411 137004 71183 100142 99202 39254 35691 18728 116948 46671 125415 47016 131585 41892 27118 22541 27983 103459 102666 111409 77809 114963 96763 126916 41787 23518 130476 130224 59747 51126 39443 98391 111346 114026 50336 67297 14026 13021 54224 76288 37596 23418 33130 141339 19629 30798 104950 39134 116044 51245 115787 131636 9696 99538 46032 99887 36250 126082 64540 21969 53688 130728 44900 49061 52933 29766 54578 104278 50924 97671 116150 31934 138956 60564 102127
58998 58177 40850 43987 119549 6126 6532 0 61893 44225 106624 21577 103197 39666 103359 99550 90228 106571 24328 63498 94363 119897 53162 23996 145158 110723 107179 90317 145068 19134 11606 79444 44059 30330 125613 39228 92216 134032 38209 55256 41418 43514 113318 54899 54890 33177 10903 74820 144867 61724 57610 50594 32319 101619 113263 135932 82228 88583 129043 26594 30841 127052 79360 93177 124706 34106 84816 65703 89282 144525 93706 5417 54050 54466 34861 39428 49264 118732 58882 83782 67357 66796 38058 45213 32089 105124 111053 53365 95755 15990 55583 35533 28232 15796 101365 25157 36237 71051 21705 114589 75861 54705 112881 122957 22718 83165 42012 8268 48926 125153 41734 40362 52281 56509 56689 41625 116773 67929 93251 11676 110383 127083 138587 74635 98814 102420 45206 39143 19667 115620 52623 128867 45688 130257 45344 32298 23481 28923 102131 99176 110081 81261 113170 99981 130368 45239 28698 129317 129414 65699 54578 45129 101843 107891 110571 44656 65969 19205 16274 52896 79505 43548 29370 36582 144791 20569 34250 103622 42586 119496 57197 114459 135088 10441 102990 49484 103339 42107 127666 63212 22909 59640 129400 41445 47733 58885 30706 60530 107730 49596 96343 119602 37886 142408 64016 98672
7404 71398 41719 91491 160128 56280 55941 61893 0 52620 146712 80985 127761 22658 118276 114467 123697 121489 69686 5768 138991 159985 21358 38374 160075 125640 151696 139342 160397 43195 52780 98992 52012 43769 140530 98636 134682 158734 93687 73325 49813 30752 153815 7477 7512 42471 72032 100051 164415 3326 67250 12143 55480 149843 132811 150849 123139 131049 154549 69715 76199 160290 121826 141257 162148 28168 109380 93580 113846 164073 118270 66547 7973 7878 39404 23653 13534 158820 86760 126248 5664 5103 95255 72856 47923 149641 151141 10379 138221 48298 65223 49644 87640 62002 138772 47253 40697 98928 50443 151976 101293 10749 153352 142505 40617 102713 32034 58504 58566 157870 83329 37843 61922 5842 5656 45145 131691 84580 119195 72806 150471 161044 160004 91286 141280 125327 16871 55809 65025 155708 10062 148415 86143 159220 53488 37700 63321 70056 140786 143804 150169 97911 153723 124545 145286 54963 34924 153476 153224 5152 82221 23201 121391 155540 153187 103586 108434 46641 52015 95361 104069 26786 32726 59338 164339 60408 61893 132911 46876 134413 14218 154547 154636 63105 122538 77127 122887 32275 149082 105677 66523 11746 156224 96147 90198 3846 72266 3110 127278 83447 138809 139150 24463 161956 77371 146896
45808 20734 11417 45717 109336 40124 40773 44225 52620 0 95640 48577 76689 38976 67302 63493 72625 70515 62872 51879 93331 108913 31741 43105 109101 74666 100749 93682 109423 42958 34693 47920 3499 17923 89556 62838 89022 107662 53176 22253 3095 25851 102743 46996 46987 17106 49415 48979 113343 53822 16276 44905 12473 104183 81739 99875 72718 85389 103477 65138 69385 109218 76166 95597 111076 44773 58308 43465 62774 113001 67198 43244 46206 46622 21157 36141 44527 107748 38770 80588 56727 56916 56822 26094 12307 102435 100069 46646 92561 31235 14249 8720 55232 54341 87700 21993 16800 48814 25437 100904 50221 47035 102280 91433 49163 51641 21334 44474 7592 106798 80278 14880 10947 48607 48787 8178 80717 33471 68123 49502 99399 109972 108932 40177 93364 74255 43403 7151 58212 104636 44357 97343 39833 108148 4504 52425 62025 67467 89714 98144 99097 46803 102651 73473 94312 3905 48824 102404 102152 56939 34231 46614 70319 104468 102115 62569 62774 47574 52093 49701 52997 30186 48393 10681 113267 59113 16230 81839 7293 83439 38368 103475 103564 49180 71466 29137 71815 28150 98010 60017 61453 41128 105152 55130 44538 50197 69250 50233 76206 35457 93149 88078 41068 110884 26397 101236
139900 87807 105509 66462 14104 107282 107952 106624 146712 95640 0 90249 19068 131249 54546 58146 32384 51009 125693 145945 18015 13522 125807 122738 67068 49065 5358 22168 58576 119529 104149 51298 98117 106336 63257 74186 20738 27875 71272 73443 97033 119917 7352 141062 141053 105988 106596 47622 53984 147888 96992 138385 93000 12510 31212 62569 34732 18510 22886 127959 132206 20895 27214 19872 18549 128846 37741 56542 33277 40285 28621 102743 140272 140688 110039 128414 137008 12575 63512 22893 150793 150982 76763 77406 100720 7347 4896 140712 10982 105755 94046 102786 85426 117161 8345 105192 109781 51349 107920 8432 47518 141101 6889 25974 123433 55582 115400 110534 96520 18996 143099 108946 97219 142673 142853 102244 54417 77194 31261 99793 4226 20926 33707 70550 7697 24399 135676 95861 121032 9245 138423 53539 65044 24100 99122 132058 124827 130288 6011 13330 3706 63992 7260 22197 61914 94541 128457 23160 23257 151005 67999 138887 28725 9077 6724 69879 40292 119920 118565 53389 42838 122667 128112 92507 47852 121915 87875 14453 101359 57140 132434 8302 54500 115240 29753 72945 32371 117032 25726 43061 124274 135194 23243 70891 58503 144263 132071 144299 27849 68257 17756 29383 131817 51941 83326 15057
77677 58550 52634 28246 103232 26851 27257 21577 80985 48577 90249 0 89887 59311 96175 92366 74475 99388 35915 82734 74102 99562 68173 44747 137974 103540 86918 70056 135424 39885 28785 70190 49153 45341 118430 17981 76006 117103 22276 53545 45879 60754 93057 74076 74067 48188 16819 65075 135223 80902 61336 70220 36278 81358 101905 128748 66475 72830 112426 38181 42428 110164 63607 72916 107818 54857 73903 56526 76325 129513 80384 16514 73286 73702 49872 58148 69056 101845 49705 68029 86593 86032 16811 44167 43998 84863 95300 73157 80002 33170 59309 46201 6985 27383 85612 42082 51248 61307 38885 98836 63975 74029 92620 109532 43469 76409 57023 29019 52652 108476 53321 55373 56007 75687 75867 51094 109590 66218 77498 10283 94824 110195 122935 72140 83061 89098 64998 42935 31254 95285 71526 119223 35990 113370 50155 53049 35050 40510 86378 78915 89751 78768 92909 86659 123185 48965 49449 112769 112866 84877 45348 65880 90604 87630 90310 23409 50216 39956 36937 38613 68437 61364 50121 39165 135147 32138 35011 87869 50209 112313 74800 96265 125444 28312 91632 45185 93695 57118 111913 47459 34496 77560 112513 23569 36542 77954 42293 79766 96372 40419 76271 108244 58637 132764 63978 78411
120949 68856 86558 65478 32785 99330 99979 103197 127761 76689 19068 89887 0 113991 35698 39298 16914 32161 122285 127097 26532 32423 106959 111048 57819 30217 24259 28779 55252 109238 94106 32450 79269 89078 44409 76440 22896 42166 70469 54595 78185 101069 26253 122214 122205 88730 105793 28774 55051 129040 78144 120123 75743 28952 21178 48593 24268 19263 37981 124551 128798 39579 26861 28798 37233 113352 18893 37694 14429 50012 9773 101940 121424 121840 92781 111156 119750 31259 44664 23005 131945 132134 75960 58558 83462 25946 23580 121864 16831 95096 75198 83938 85958 113754 11211 88316 92018 32501 91760 24415 28670 122253 25790 29914 116338 36734 96552 103887 77672 37680 139691 90098 78371 123825 124005 83396 35569 58346 12413 98990 22910 39610 43435 51702 16875 5551 118418 77013 117625 28146 119575 39051 58352 42652 80274 120368 121438 126880 13224 23310 22607 45144 26161 3349 47426 75693 116767 36907 36656 132157 49151 121629 9877 27978 25625 72956 39488 112903 111918 52585 23990 105409 116336 73856 55013 118526 69351 5349 82511 38292 113586 26986 45272 108593 10905 54097 13523 99774 32514 42257 120866 116346 39656 70087 57699 125415 128663 125451 15645 53788 23652 27665 116083 52592 64478 27707
20585 58029 28350 73613 144966 34053 33714 39666 22658 38976 131249 59311 113991 0 104957 101148 109985 108170 47417 24399 121966 145338 23688 16105 146756 112321 134671 122315 147078 20926 31025 85673 38693 26468 127211 76881 117657 145415 71932 60006 36494 13712 139168 15800 15791 25447 49763 85672 151096 22625 53931 11495 38455 132818 119492 137530 106114 114024 141230 47446 53930 146971 104801 124232 148829 5900 95668 76555 100134 150754 104558 44278 14951 15367 22103 3284 10165 144173 69735 109223 28258 27697 73500 55831 30898 132616 136494 14266 121196 26543 51904 33925 65885 39733 125060 27330 26696 81903 30367 138264 86713 15606 138705 129186 18348 89394 18561 36235 45247 144551 61060 24524 48603 17410 17590 31826 118372 71261 105483 50537 135824 147725 146685 77967 124255 112008 6107 40510 42756 141061 13524 135096 69118 145901 40169 16218 41052 47787 127074 126779 135522 84592 139076 110833 131967 41644 12655 140157 139905 26600 65196 8239 108072 139089 138540 81831 91409 24372 29746 78336 90358 9164 10457 42225 151020 38139 44868 119199 33558 121094 20428 139900 141317 40836 109219 60102 109568 14518 135763 88652 44254 22871 142905 74392 73173 19786 49997 21431 113959 66422 121784 125831 2195 148637 64052 129871
111464 48592 77073 69347 68263 99258 99907 103359 118276 67302 54546 96175 35698 104957 0 3971 43491 3578 121989 117747 62031 67922 97609 108973 42164 7729 59758 64278 42486 108942 93810 26580 67637 83456 22620 85854 58395 59273 77281 48265 69007 91719 61752 112864 112855 82974 108532 31747 53873 119690 51453 110773 74804 64451 33350 32938 50845 54762 55088 124255 128502 60829 54262 64297 62687 110641 37709 40584 39672 56697 36350 102361 112074 112490 87025 102009 110395 64545 47555 56649 122595 122784 82772 58261 77840 61445 59079 112514 52330 94800 53987 74588 92770 113458 46710 87545 82668 35392 90989 58368 32620 112903 61289 43044 115031 23254 87202 103591 60136 58409 139395 80748 56665 114475 114655 74046 13780 35557 38990 104789 58409 61583 59873 28913 52374 30285 109271 68795 117329 63645 110225 35571 61243 59759 65853 118293 121142 126584 48723 58809 58106 22356 61660 34361 27375 63778 114692 54015 53763 122807 52042 112482 26355 63477 61124 82561 51645 112607 111622 59060 35286 96054 114261 69825 49242 118230 69055 40848 73161 16502 104236 62485 37686 108297 26972 56987 22410 94018 49621 53335 120570 106996 56763 77372 63126 116065 128367 116101 31707 56679 59151 39689 106936 45051 41689 63206
107655 44783 73264 65538 71863 95449 96098 99550 114467 63493 58146 92366 39298 101148 3971 0 46542 7158 118223 113981 65611 71502 93843 105207 45744 11310 63338 67858 46066 105176 90044 22814 63871 79690 26200 82088 61975 62853 73515 44499 65241 87953 65332 109098 109089 79208 104766 27981 57453 115924 47687 107007 71038 68031 36930 36518 51241 58342 58668 120489 124736 64409 57313 67877 66267 106875 34728 36818 36691 60277 39930 98595 108308 108724 83259 98243 106629 68125 43789 59699 118829 119018 79006 54495 74074 65025 62659 108748 55910 91034 50221 70822 89004 109692 50290 83779 78902 31626 87223 61948 28854 109137 64869 46624 111265 19488 83436 99825 56370 61989 135629 76982 52899 110709 110889 70280 17360 31791 42040 101023 61989 65163 63453 25147 55954 33865 105505 65029 113563 67225 106459 39151 57477 63339 62087 114527 117376 122818 52303 62389 61686 18590 65240 37941 30955 60012 110926 57595 57343 119041 48276 108716 29935 67057 64704 78795 47879 108841 107856 55294 31520 92288 110495 66059 52822 114464 65289 44428 69395 20083 100470 66065 41266 104531 30552 53221 25990 90252 53201 49569 116804 103230 60343 73606 59360 112299 124601 112335 35287 52913 62731 43269 103170 48631 37923 66786
116885 64792 82494 50066 46101 90886 91556 90228 123697 72625 32384 74475 16914 109985 43491 46542 0 39856 109481 122935 22500 45860 102797 106526 65514 37912 35192 24061 62947 103317 87937 28918 75107 84916 52104 61032 18178 54796 55060 50433 74023 96907 39690 118052 118043 84568 90384 24612 62746 124878 73982 115961 71581 33352 28873 56288 8718 14545 50611 111747 115994 53015 12135 24766 50669 109190 14731 33532 10267 60135 7352 86531 117262 117678 88619 106994 115588 44695 40502 13158 127783 127972 60551 54396 79300 33137 37016 117702 21718 89543 71036 79776 70549 100949 26675 84154 87856 28339 87598 39879 24508 118091 39227 38567 107221 36248 92390 94322 73510 51116 126887 85936 74209 119663 119843 79234 43264 54793 4466 83581 36346 53046 56066 48709 24776 16066 114256 72851 104820 41583 115413 46746 48832 55282 76112 115846 108615 114076 28094 27313 36044 45103 39598 13627 55121 71531 112245 49538 49286 127995 44989 117467 17572 39623 39062 57547 24080 103708 102353 37176 19828 101247 111900 69694 62560 105703 65189 20813 78349 45987 109424 40422 52967 99028 18600 49935 21218 95612 45144 26848 108062 112184 52286 54679 42291 121253 115859 121289 23340 48453 22305 35212 111921 60287 60473 30405
114677 51804 80286 72560 64726 102470 103119 106571 121489 70515 51009 99388 32161 108170 3578 7158 39856 0 125231 120989 58480 64371 100851 112215 38871 4436 56207 60727 39193 112184 97052 29822 70879 86698 19326 89096 54844 55722 80523 51507 72249 94961 58201 116106 116097 86216 111774 34989 50580 122932 54695 114015 78046 60900 29799 29645 47294 51211 51537 127497 131744 57278 50711 60746 59136 113883 40951 43826 37455 53404 32799 105603 115316 115732 90267 105251 113637 60994 50797 53098 125837 126026 86014 61503 81082 57894 55528 115756 48779 98042 57229 77830 96012 116700 43159 90787 85910 38634 94231 54817 35862 116145 57738 39493 118273 26496 90444 106833 63378 54858 142637 83990 59907 117717 117897 77288 10486 38799 35439 108031 54858 58032 56580 32155 48823 26734 112513 72037 120571 60094 113467 32278 64485 56208 69095 121535 124384 129826 45172 55258 54555 25598 58109 30810 24081 67020 117934 50464 50212 126049 55284 115724 22804 59926 57573 85803 54887 115849 114864 62302 38528 99296 117503 73067 45949 121472 72297 37297 76403 13209 107478 58934 34393 111539 23421 60229 18859 97260 46070 56577 123812 110238 53212 80614 66368 119307 131609 119343 28156 59921 55600 36138 110178 41758 44931 59655
67613 77054 59727 63690 138950 23382 23388 24328 69686 62872 125693 35915 122285 47417 121989 118223 109481 125231 0 71296 109557 135017 66832 35846 163863 129428 122373 105511 163773 31387 28951 98149 62764 47675 144318 53436 111461 152558 57731 73961 60123 55894 128512 62697 62688 50522 19608 93759 163572 69522 76315 58392 51024 116813 131968 154637 101804 108159 147881 6903 6925 145619 98936 108371 143273 41904 103755 84642 108221 163230 112645 25687 61848 62264 52206 50530 57062 137300 77822 103358 75155 74594 52266 63918 50794 120318 130629 61163 115331 33335 74288 54238 42440 8748 120941 42502 53582 89990 39050 134165 94800 62503 128075 141662 29275 101870 56972 18984 67631 143931 20467 57707 70986 64307 64487 60330 135478 86634 112827 26183 129959 145650 158390 93340 118390 121359 53004 57848 5002 130740 60421 147572 68625 148825 64049 38855 7300 9231 121707 114370 125206 99966 128364 118920 149073 63944 35255 148224 148321 73497 73283 51686 120548 123085 125765 58864 85545 23340 18053 73942 98445 55928 38582 55287 163496 9994 52955 123198 61291 138201 67674 131720 153793 13870 121695 68189 122044 54582 147242 82788 4375 70117 147968 59024 70670 66683 11014 68328 126435 72533 111726 138307 45684 161113 82721 113866
6517 70932 41253 91025 159662 57885 57546 63498 5768 51879 145945 82734 127097 24399 117747 113981 122935 120989 71296 0 138366 159360 20734 39730 159450 125015 151071 138717 159772 44551 54136 98367 51387 43144 139905 99992 134057 158109 95043 72700 49188 31428 153190 8833 8868 41846 73388 99426 163790 8387 66625 13499 54855 149218 132186 150224 122514 130424 153924 71071 77555 159665 121201 140632 161523 29524 108755 92955 113221 163448 117645 67903 9329 9234 38779 25009 14890 158195 86135 125623 5144 5333 96611 72231 47298 149016 150516 11735 137596 49654 64598 49019 88996 63358 138147 48419 40072 98303 51863 151351 100668 12105 152727 141880 41973 102088 31409 59860 57941 157245 84685 37218 61297 7198 7012 44520 131066 83955 118570 74162 149846 160419 159379 90661 140655 124702 18227 55184 66381 155083 11418 147790 85518 158595 52863 39056 64677 71412 140161 143179 149544 97286 153098 123920 144661 54338 36280 152851 152599 9731 81596 24557 120766 154915 152562 104942 107809 47997 53371 94736 103444 28142 34082 58713 163714 61764 61268 132286 46251 133788 13594 153922 154011 64461 121913 76502 122262 33631 148457 105052 67879 11122 155599 97503 89573 5086 73622 3112 126653 82822 138184 138525 25819 161331 76746 146271
132179 85939 100041 56363 29225 97183 97853 94363 138991 93331 18015 74102 26532 121966 62031 65611 22500 58480 109557 138366 0 25628 117989 112919 79847 56605 12984 4269 73870 108424 94330 51454 94269 96517 70797 56287 4627 43169 57697 72292 92025 110849 19124 132446 132437 96169 90745 47148 69278 139272 94964 128566 83181 11021 38752 70621 24913 8448 38492 112107 116354 36230 17395 2435 33884 119027 37267 51499 32803 55579 29888 89538 131656 132072 100220 118595 127189 27911 56633 13022 142975 143164 62171 68818 90901 10929 21922 131337 10165 95936 92017 92922 67527 101309 15775 95373 99962 46358 98101 25458 46050 132399 18687 39695 112327 58784 106839 99429 94491 34542 127247 102266 95190 134057 134237 97236 61957 77329 27002 84209 20890 36261 49001 71245 11203 31939 125857 86458 105180 21351 129896 61079 55225 39436 95274 121907 108976 114436 16447 4982 15817 67639 18976 29093 69454 92488 118307 38835 38932 143247 59655 129068 36265 17292 17959 51980 30473 108814 107460 43570 42364 112848 118293 82688 63146 106064 78056 21994 96351 64680 124616 22331 67301 102262 37293 64601 39911 107213 42076 33242 108422 127376 38579 55977 48684 135720 116219 136481 35389 58438 3111 41145 121998 67235 82332 8074
153173 101080 118782 79735 4364 120555 121225 119897 159985 108913 13522 99562 32423 145338 67922 71502 45860 64371 135017 159360 25628 0 139041 135972 62509 62299 12975 29785 54017 132763 117383 64532 111351 119570 66232 81803 30142 23316 83213 86677 110267 133151 7993 154296 154287 119222 116261 60856 49425 161122 110226 151619 106234 20128 40564 58010 47966 31744 20009 137623 141870 13818 40448 27489 11472 142080 50975 69776 46511 35726 41855 115054 153506 153922 123273 141648 150242 9428 76746 36127 164027 164216 87687 90640 113954 14964 13484 153946 24216 118989 107280 116020 93043 126825 21579 118426 123015 64583 121154 16740 60752 154335 8519 30992 136667 68816 128634 123768 109754 16059 152763 122180 110453 155907 156087 115478 67651 90428 44495 109725 10870 13849 29148 83784 20931 37633 148910 109095 130696 4452 151657 57135 78278 18111 112356 145292 134492 139952 19245 20947 10617 77226 8554 35431 61456 107775 141691 20352 20449 164239 81233 152121 41959 14455 11528 77496 53526 133154 131799 66623 56072 135901 141346 105741 43293 131580 101109 27687 114593 70374 145668 8438 49941 127778 42987 86179 45605 130266 24633 56295 133938 148428 17734 81493 71737 157497 141735 157533 41083 81491 26081 34401 145051 47382 96560 22675
14547 50794 21115 70887 139524 47701 48350 53162 21358 31741 125807 68173 106959 23688 97609 93843 102797 100851 66832 20734 117989 139041 0 36539 139542 105107 131163 118809 139864 36392 42235 78459 31479 23236 119997 84393 114149 138201 75269 52792 29280 11520 133282 22402 22393 21938 60774 79518 143882 24277 46717 21453 34947 129310 112278 130316 102606 110516 134016 66873 73357 139757 101293 120724 141615 29589 88847 73047 93313 143540 97737 54603 21612 22028 18871 20957 22940 138287 66227 105715 25743 25932 78377 52323 27390 129108 130608 23195 117688 37753 44690 29111 75020 59160 118239 28511 20164 78395 31955 131443 80760 23584 132819 121972 42037 82180 11501 52356 38033 137337 80487 17310 41389 23324 23214 24612 111158 64047 98662 60861 129938 140511 139471 70753 120747 104794 22889 35276 62183 135175 20740 127882 65610 138687 32955 39907 60479 67214 120253 123271 129636 77378 133190 104012 124753 34430 36344 132943 132691 25955 61688 29219 100858 135007 132654 85168 87901 44654 49173 74828 83536 16034 34146 38805 143806 57566 41360 112378 26343 113880 7384 134014 134103 57062 102005 56594 102354 14885 128549 85144 63681 10144 135691 77729 69665 21288 69424 19249 106745 62914 118276 118617 25884 141423 56838 126363
36301 61742 35182 64455 136455 18383 18044 23996 38374 43105 122738 44747 111048 16105 108973 105207 106526 112215 35846 39730 112919 135972 36539 0 150841 116406 125918 110978 151163 5214 21907 87108 43163 26052 131296 62377 108904 146850 58870 62920 40522 25482 130415 31379 31370 26159 34051 82718 152531 38204 58016 27074 39167 122280 120927 141615 98916 105271 142665 35846 42330 143740 96048 113838 141394 10586 92714 73601 97180 152189 101604 28566 30530 30946 23815 18653 25744 135420 66781 100470 43837 43276 60509 52877 31611 123863 127741 29845 112443 17424 55989 34637 51381 28133 118053 23396 28812 78949 21616 131277 83759 31185 129952 130621 8119 90829 26560 21685 49332 141841 49460 31944 52688 32989 33169 38922 122457 74222 102529 34825 127071 143771 148120 80928 115502 110318 21686 41222 31156 132308 29103 136531 62376 146945 44448 9796 29452 36187 118819 118026 126769 87554 130323 107879 136052 45729 6195 141592 141340 42179 62242 21875 109507 128552 129787 67805 82657 12772 18146 69584 87404 23917 5850 42937 152455 26539 41914 116245 40533 125179 36356 131147 142752 26713 110654 57148 111003 24170 137198 79900 32654 38799 144340 62106 64421 35365 38397 37010 115394 63468 113031 127266 14366 150072 67597 119333
153263 90391 118872 111146 58251 141057 141706 145158 160075 109101 67068 137974 57819 146756 42164 45744 65514 38871 163863 159450 79847 62509 139542 150841 0 34968 69426 83420 8765 150995 135863 68433 109690 125509 19952 124766 80002 39358 118593 90318 111060 133772 65034 154917 154908 125027 150585 73059 25869 161743 93506 152826 116857 76579 46376 9380 72452 76369 46389 166308 170555 49258 75869 82327 51116 152694 67077 81896 62613 27014 57957 144414 154127 154543 129078 144062 152448 54537 88867 78256 164648 164837 124084 100314 119893 71415 64946 154567 70360 136853 96040 116641 134082 155511 64740 129598 124721 76704 133042 61118 73933 154956 65560 47249 157084 65307 129255 145644 102189 48563 181448 122801 98718 156528 156708 116099 28731 77610 60597 146842 63164 50012 33504 70966 70404 51892 151324 110848 159382 65433 152278 18914 102555 48188 107906 160346 163195 168637 66754 76839 67068 64409 65595 55968 15182 105831 156745 46044 46344 164860 93354 154535 47962 71359 68433 121281 87814 154660 153675 100372 72174 138107 156314 111878 19559 160283 111108 62455 115214 25922 146289 60255 13905 150350 48579 98299 43979 136071 47245 90582 162623 149049 45153 118413 104438 158118 170420 158154 46756 97991 77181 43867 148989 15368 83742 79126
118828 55956 84437 76712 62782 106622 107271 110723 125640 74666 49065 103540 30217 112321 7729 11310 37912 4436 129428 125015 56605 62299 105107 116406 34968 0 54105 58625 35010 116209 101077 33847 74904 90723 15143 93121 52742 53607 84548 55532 76274 98986 56099 120131 120122 90241 115799 39014 46397 126957 58720 118040 82071 58798 27684 25462 45192 49109 49422 131522 135769 55163 48609 58644 57021 117908 39817 47851 35353 49221 30697 109628 119341 119757 94292 109276 117662 58879 54822 50996 129862 130051 90039 65528 85107 55792 53426 119781 46677 102067 61254 81855 100037 120725 41057 94812 89935 42659 98256 52702 39887 120170 55636 37378 122298 30521 94469 110858 67403 52743 146662 88015 63932 121742 121922 81313 6303 42824 33337 112056 52756 55917 52397 36180 46721 24632 116538 76062 124596 57992 117492 28095 68510 54093 73120 125560 128409 133851 43070 53156 52453 29623 56007 28708 19898 71045 121959 48349 48097 130074 59309 119749 20702 57824 55471 89828 58912 119874 118889 66327 42553 103321 121528 77092 41766 125497 76322 35195 80428 9026 111503 56832 30210 115564 21319 64254 16758 101285 43955 60602 127837 114263 51097 84639 70393 123332 135634 123368 26055 63946 53498 34023 114203 37575 48956 57553
144884 92916 110618 69068 16568 109888 110558 107179 151696 100749 5358 86918 24259 134671 59758 63338 35192 56207 122373 151071 12984 12975 131163 125918 69426 54105 0 16910 61022 121065 106937 56380 103199 109124 68339 68928 17267 30321 70338 78525 102115 123456 6275 145053 145044 108776 103386 52704 56430 151879 102074 141173 95788 7252 36294 65015 37519 21088 25644 124748 128995 23382 30002 14614 21036 131634 42823 61624 38359 42731 33703 102179 144263 144679 112827 131202 139796 15063 68594 25662 155582 155771 74812 81424 103508 2089 9074 143944 13769 108543 99128 105529 80168 113950 13427 107980 112569 56431 110708 12610 52600 145006 5838 30152 124968 60664 119446 112070 101602 21694 139888 114028 102301 146664 146844 107326 59499 82276 36343 96850 8042 23413 36153 75632 10787 29481 138464 99065 117821 8503 142503 58621 67832 26588 104204 134846 121617 127077 11093 8072 2969 69074 6127 27279 66996 99623 131245 25987 26084 155854 72262 141675 33807 6360 5110 64621 43079 121455 120101 56176 47920 125455 130900 95295 50298 118705 90663 19535 106441 62222 137223 9483 56946 114903 34835 77208 37453 119820 29905 45848 121063 139983 25731 68618 61291 148327 128860 149088 32931 71044 13206 33561 134605 54387 88408 9799
132530 86290 100392 53699 33378 93103 93772 90317 139342 93682 22168 70056 28779 122315 64278 67858 24061 60727 105511 138717 4269 29785 118809 110978 83420 58625 16910 0 78049 104513 91950 52672 94676 96924 73112 52376 6251 47348 53786 72699 92432 111256 23302 132853 132844 96576 86834 47446 73457 139679 95371 128973 83588 12017 42157 74026 25320 10073 42671 108196 112443 40409 17802 3575 38063 117696 38891 51906 34427 59758 31512 85627 132063 132479 100627 119002 127596 32090 57040 13429 143382 143571 58260 69225 91308 15108 26101 131744 13570 94605 92424 93329 63616 97398 19180 95780 100369 46765 96770 29637 46457 132806 22865 43100 108416 60001 107246 95518 94898 38721 123336 102673 95597 134464 134644 97643 64272 77716 28626 80298 25069 40440 53180 71632 15382 34254 126264 86865 101269 25530 130303 64484 55632 43615 95681 117997 105065 110525 19946 9160 19996 68635 23154 30717 72859 92895 114397 43014 43111 143654 60062 128566 38580 18289 20969 48069 30880 104904 103550 43977 43988 113255 114750 83095 67325 102153 78463 25399 96758 66995 125023 26510 70706 98352 39608 65008 42226 107620 45481 33649 104511 127783 42758 52066 49091 136127 112308 136888 38794 58845 6516 44550 120668 71414 82739 9070
153585 90713 119194 108595 49759 140967 141616 145068 160397 109423 58576 135424 55252 147078 42486 46066 62947 39193 163773 159772 73870 54017 139864 151163 8765 35010 61022 78049 0 150049 134917 65874 109991 125810 20253 122207 75878 30862 116035 90619 111361 134073 56538 155218 155209 125328 149639 70500 17373 162044 93807 153127 116553 68083 41305 9681 69893 73650 37893 165362 169609 40762 73310 75444 42620 152995 64518 79337 60054 18518 55398 143468 154428 154844 129379 144363 152749 46041 86308 75693 164949 165138 121526 99368 120194 62919 56450 154868 66075 135907 96341 116942 131524 154565 60456 129127 125022 74145 132571 52622 71374 155257 57065 38754 157149 65608 129556 144698 102490 40067 180502 123102 99019 156829 157009 116400 29032 77911 58038 143801 54668 41516 25008 71267 65775 49333 151625 111149 158436 56937 152579 16356 99996 39692 108207 160647 162249 167691 62500 68902 58572 64710 57099 53409 15483 106132 157046 37548 37848 165161 90795 154836 45403 62863 59937 118722 85255 153714 152729 97813 69615 138408 156615 110932 11063 159337 110162 59896 115515 26223 146590 51759 5410 149404 46020 95740 41420 136372 38749 88023 161677 149350 36657 115855 101879 158419 169474 158455 44197 95432 72896 35372 149290 6872 84043 70630
40884 61595 35035 59626 133246 13521 13182 19134 43195 42958 119529 39885 109238 20926 108942 105176 103317 112184 31387 44551 108424 132763 36392 5214 150995 116209 121065 104513 150049 0 18879 85296 43040 25929 131173 57605 105976 145038 54098 61108 40399 25359 127487 36241 36232 26036 29279 80906 150719 43066 57893 31936 38171 115886 119115 141492 95988 102343 140853 31542 38026 140812 93120 107444 138466 15448 90902 71789 95368 150377 99792 23794 35392 35808 23692 21273 30606 132492 64969 97542 48699 48138 55737 51065 31488 119391 124813 34707 109515 14743 55866 34514 46609 23829 115125 22387 28689 77137 18935 128349 81947 36047 127025 128809 8064 89017 26437 16991 49209 138913 45156 31821 52565 37851 38031 38799 122334 73781 100717 30053 124143 140843 146308 80487 112574 108506 26548 41099 26852 129380 33965 134719 59448 144017 44325 14658 25148 31883 115891 113443 123841 87113 127395 106067 135929 45606 11057 139780 139528 47041 60430 26737 107695 122158 124838 63033 79729 9323 13842 66656 85592 25393 10712 42434 150643 22235 40102 114433 40410 125056 39042 128219 140940 22019 108842 55336 109191 24047 135386 76972 28350 41485 142528 57334 61493 40227 34093 41872 113582 61341 110103 125454 19228 148260 67474 112939
49472 48875 31145 45866 117866 6145 6794 11606 52780 34693 104149 28785 94106 31025 93810 90044 87937 97052 28951 54136 94330 117383 42235 21907 135863 101077 106937 91950 134917 18879 0 70041 34656 19254 116210 46370 90406 129783 41350 45853 32015 33075 111917 45821 45812 22101 20733 65651 135464 52647 48207 41965 22916 103138 103860 126529 80418 86773 125598 31299 35546 125242 77550 94696 122896 28006 75647 56534 80113 135122 84537 14562 45031 45447 23785 29893 40801 116922 49714 81972 58338 57777 42989 35810 22686 105365 109243 44902 93945 4915 46180 26130 35374 20502 99555 14081 25161 61882 10629 112779 66692 45774 111455 113554 23558 73762 30936 10635 39523 123343 46439 29286 42878 47432 47612 32222 107370 58526 85462 20820 108573 125273 131053 65232 97004 93251 36743 29740 24373 113810 43271 119464 43878 128447 35941 31218 28186 33628 100321 99528 108271 71858 111825 90812 120965 35836 27617 124525 124273 56622 45175 38875 92440 109410 111289 51798 64159 20045 18666 51086 70337 33109 27272 27179 135388 25274 24847 99178 33183 110093 47661 112649 125685 15341 93587 40081 93936 31031 120131 61402 27614 50104 127273 44586 45923 49699 35411 51511 98327 46086 94533 110199 30977 133005 54613 100191
92180 40087 57789 43361 65015 75343 75992 79444 98992 47920 51298 70190 32450 85673 26580 22814 28918 29822 98149 98367 51454 64532 78459 87108 68433 33847 56380 52672 65874 85296 70041 0 50387 62792 48781 59853 47090 60478 51281 25713 49303 72187 58539 93332 93323 62388 84570 5746 66159 100158 49262 91241 51484 61237 34555 59099 29006 43457 56293 100293 104540 62034 35224 53678 63892 89094 14596 14583 19062 65817 23486 78399 92542 92958 66439 82477 90863 63544 21554 39646 103063 103252 56772 34299 57176 58231 55865 92982 49116 70838 46316 55056 66770 89496 43496 64058 63136 9391 67502 56025 6620 93371 58077 44249 92080 7870 67670 79629 48790 59614 115433 61216 49489 94943 95123 54514 39941 27923 24411 79047 55195 62788 61748 21280 49160 27071 89739 48131 93367 60432 90693 50159 35242 60964 51392 96110 97180 102622 45509 55595 54893 16725 58447 29761 53536 46811 92509 55220 54968 103275 26041 92950 23135 60264 57911 56560 25644 88645 87660 33059 9285 76522 92078 45863 66083 94268 45093 37634 53629 42664 84704 59271 56380 84335 24282 30986 24631 73432 50826 27334 96608 87464 57968 51371 37125 96533 104405 96569 29022 30678 51217 40894 87404 63700 34056 59317
